255 142 100 
255 141 98 
255 140 96 
255 139 94 
255 138 92 
255 137 90 
255 136 88 
255 135 86 
255 134 84 
255 133 82 
255 132 80 
255 131 78 
255 130 76 
255 129 74 
255 128 72 
255 127 70 
255 126 68 
255 125 66 
255 124 64 
255 123 62 
255 122 60 
255 121 58 
255 120 56 
255 119 54 
255 118 52 
255 117 50 
255 116 48 
255 115 46 
255 114 44 
255 113 42 
255 112 40 
255 111 38 
255 110 36 
255 109 34 
255 108 32 
255 107 30 
255 106 28 
255 105 26 
255 104 24 
255 103 22 
255 102 20 
255 101 18 
255 100 16 
255 99 14 
255 98 12 
255 97 10 
255 96 8 
255 95 6 
255 94 4 
255 93 2 
255 92 0 
255 93 2 
255 94 4 
255 95 6 
255 96 8 
255 97 10 
255 98 12 
255 99 14 
255 100 16 
255 101 18 
255 102 20 
255 103 22 
255 104 24 
255 105 26 
255 106 28 
255 107 30 
255 108 32 
255 109 34 
255 110 36 
255 111 38 
255 112 40 
255 113 42 
255 114 44 
255 115 46 
255 116 48 
255 117 50 
255 118 52 
255 119 54 
255 120 56 
255 121 58 
255 122 60 
255 123 62 
255 124 64 
255 125 66 
255 126 68 
255 127 70 
255 128 72 
255 129 74 
255 130 76 
255 131 78 
255 132 80 
255 133 82 
255 134 84 
255 135 86 
255 136 88 
255 137 90 
255 138 92 
255 139 94 
255 140 96 
255 141 98 
